00000000000000000000000000000000000000000000000000000000
00000000000000000000000000000000000000000000000000000000
00000000000000000000000000000000000000000000000000000000
00000000000000000000000022220000000000000000000000000000000
00000000000000000000000000000000000000000000000000000000
00000000000000002222220000000000000000000000000000000000
22000000000000000000000000000220000000000022000000000000
11222222222222222222222222222110000002222211200000000000
1111111111111111111111111111111000000111111110000002200000222
111111111111111111111111111111100000000110000000000112000011122
1111111111111111111111111111111000000001000000000001112000111112
111111111111111111111111111111100000000100000000000110000001111
111111111111111111111111111111100000000100000000000110000001111